0.697538321872274
0.697804772182522
0.6972331597703807
0.6982347731717482
0.6974816624571314
0.6979834077189313
0.6972003683603137
0.6974264476731575
0.6975110936758914
0.6970744854810272
0.6972917229315392
0.6982770727557253
0.6979057250099647
0.6976419631789998
0.6966982295295577
0.6972715387983368
0.6971262351861626
0.6979655568191737
0.6976679762107371
0.6970845676692707
0.6973521457152637
0.6979566514081333
0.6977042147329287
0.6978906229450864
0.6977589572260529
0.6975602609980602
0.6979250614140523
0.6968404611673168
0.6979098399590377
0.6976174119812316
