1.0
0.9997963258162282
0.9999429732191171
0.9997221415021733
0.9998790120741815
1.0000676207015133
1.0000768580654198
0.9998522374863971
0.9996325818940726
0.9999613415593575
0.9996425276369268
0.9997556412030578
1.0001671985202307
0.999957734499691
0.9999509637015255
0.99998684929733
1.0003501918511724
0.9992357897967874
0.9998465332083823
1.0001157361152981
0.999791567828241
0.9997364634783092
0.9999535948780525
1.000648832896627
0.9998614125093431
0.9986730532498141
0.9996576784535125
0.9997589953499957
0.9997138467365491
0.9994016514719813
