0.6967322244642588
0.6966131469368169
0.6955807076128533
0.6967454682412455
0.6963748764692284
0.6962310299893155
0.6968379961287161
0.695995179469177
0.6971447505512516
0.6965268663165617
0.6964460232173497
0.696401167562992
0.6963248357836134
0.6968503498300669
0.6962548490386031
0.6966512845018021
0.6965525609862309
0.6972970518764068
0.6964730818298136
0.6968305644821886
0.6967180242795903
0.6967675767921109
0.6967543761838934
0.6958193609283048
0.6962856060791931
0.6965961947788765
0.697048829665423
0.6963638153025501
0.6964617808473403
0.6969727909339225
