0.9993753919909403
0.9991584399006196
1.0
0.9997230698573455
0.999318559093434
0.99964632629825
0.9999233119745269
0.9993097804138977
0.9982620156144257
0.9988174129179499
0.9987832071203743
0.9997485520908886
1.0
0.9998337230302454
0.9975220854534337
1.0006729652581714
0.999979477141772
0.9997124589666501
0.9979061073103364
0.998680826508769
1.000231712219641
0.9996937528903959
0.9996575121528887
0.999418621839276
0.9997592136159693
1.0000468627657377
1.0013695805553964
0.9995870171609341
1.00095233187465
0.9994500372543186
