0.0057585595297670045
0.00532185246476391
0.005605593273594556
0.005632645200198766
0.005758025506878095
0.005438332851544644
0.006029982261485323
0.005582687892198346
0.005755498691309091
0.005796406856956621
0.0052395257900476055
0.005718800504475957
0.005561953812785125
0.0056084492164928945
0.005767742709769874
0.005516167456157101
0.0055649283742619515
0.005474934401735021
0.00553683137221439
0.005621465635331113
0.005273084625362842
0.005591859358038603
0.005433930279535759
0.00575759732178982
0.005877303962486757
