7.01441505450992E-5
9.682862649645496E-5
7.174363588073703E-5
1.688616187023118E-4
1.3606136925383238E-4
1.4005135398908853E-4
9.743456246372747E-5
1.0533610845339795E-4
1.2552545085241237E-4
1.0368076823262417E-4
1.5009909558219505E-4
1.371340370591483E-4
1.5520174016431785E-4
1.1378962240478418E-4
1.3729555983741105E-4
1.0910116808792956E-4
8.29274369865319E-5
1.3858606749604362E-4
1.2012815037393799E-4
5.5756386907906375E-5
1.233798818604748E-4
9.750172166051565E-5
8.629714367793833E-5
1.0963610868773564E-4
1.0408952024092231E-4
