1.3440078417196913E-4
1.3355970652345788E-4
1.3364022789616768E-4
1.3519296007121143E-4
1.36988691202647E-4
1.3493397796263403E-4
1.358217231749343E-4
1.3448731149272596E-4
1.3430655267098582E-4
1.3424132807075132E-4
1.3414851390202215E-4
1.3375536150558753E-4
1.3464684453863568E-4
1.3460005125665367E-4
1.3543848081975571E-4
1.3591840145443925E-4
1.348023584727225E-4
1.3537791375207978E-4
1.348156512608687E-4
1.337003350900204E-4
1.3366464367493567E-4
1.3445711859133165E-4
1.343368888757996E-4
1.3578325354787686E-4
1.3532734038921703E-4
