0.0025099420430307454
0.0024806366632881076
0.0024687604707894365
0.0025544339515180714
0.0025263849265875276
0.002499818472357583
0.0026298267436489385
0.0025657736520566217
0.0025070469036804436
0.0025653584936558907
0.002474032197449433
0.002537823379727827
0.002488089289439459
0.0025477396083212773
0.002613045791192217
0.002499478351639398
0.0025343110330296715
0.002481752855823663
0.0024968716333899363
0.002533260740009407
0.0024821311515830125
0.0024970171552825236
0.0025602813351785223
0.0025272276702194667
0.0025961094707263313
