0.012341079247929876
0.011920859859055055
0.012308610501506168
0.014187696443707959
0.010267889541218767
0.011892687405825164
0.014038247621434241
0.01306632075407671
0.012066612211162342
0.01095826261005528
0.012896134542276894
0.01189333744836013
0.011389810988024496
0.015189952556704911
0.012824956613316563
0.011295360732315296
0.011762551948030733
0.01308443087453448
0.01068134940584542
0.0105749417593064
0.012262427984241958
0.01253292011032947
0.011152523884138787
0.013980756547527562
0.014548231912620002
