2.8903610940759193E-4
3.184960290044085E-4
2.571460606582234E-4
2.229730776147168E-4
5.226650982770734E-4
2.5806942086492335E-4
2.7003682457964293E-4
2.5955304632370414E-4
2.656757518976541E-4
2.3508860455472274E-4
2.6288908452877757E-4
2.863913015497568E-4
2.8821124331211137E-4
2.9962524229775736E-4
2.911824470265468E-4
2.714608776796649E-4
2.700571491076861E-4
3.0659951892267936E-4
2.603102175852117E-4
2.456063250454356E-4
2.647325378202721E-4
2.716792447933891E-4
2.816592970269145E-4
3.197071538871706E-4
3.139059874191083E-4
