1.8899975169197776E-4
1.7831566319168404E-4
1.8202532688349355E-4
1.8698671724214205E-4
1.69304343348412E-4
1.787258338350892E-4
1.89421542937424E-4
1.928346712521033E-4
1.7557279023914843E-4
1.743919436781014E-4
1.7899726410825563E-4
1.803242273364046E-4
1.8126332458497855E-4
1.8076171427502326E-4
1.8488463602834944E-4
1.7517620033450195E-4
1.7343415245528362E-4
1.887820491102634E-4
1.7587092288373564E-4
1.8049120787125273E-4
1.7908267809281817E-4
1.8261201787417994E-4
1.7787335897609773E-4
1.8909967455819885E-4
1.9225746407097453E-4
