0.004378726911135277
0.004059862434287691
0.004175242409747911
0.003975005260344564
0.003916130049663138
0.0041777327578864645
0.004169720476591284
0.004149440716799364
0.004011868142924174
0.003877795972810366
0.004120706679113268
0.004183082844978704
0.004001045065239998
0.004312423707370038
0.0042043758335413945
0.004022878918368986
0.003912248510493424
0.004256469406682947
0.004156078748312589
0.004087313605138783
0.004074594238931767
0.0042320770541250784
0.004265372015472787
0.004606306208267426
0.004576249645373603
