0.009801157489810197
0.01158327980198992
0.012524322238190111
0.01080744857408722
0.010278867194394026
0.010290999843300785
0.012895531722284304
0.011966471236852683
0.01203048930141909
0.01109950897889278
0.011553872384933772
0.012367351662086579
0.01219026962798575
0.012757256536816586
0.010331151684604203
0.01075934619354052
0.012238082929572403
0.012329210192564872
0.012909562227473415
0.010121124657713865
0.012811568251558159
0.011468342109361929
0.011652264410710184
0.011753413756255104
0.010982834900051364
