1.7134824884155726E-4
1.9565118156069264E-4
2.827339843387907E-4
2.1744123642301647E-4
1.6285394443973355E-4
2.4689343457243824E-4
1.8335196832026433E-4
1.7455567119493385E-4
2.0070595265057921E-4
2.2358335420319059E-4
2.2955544716724328E-4
1.9123716517279162E-4
2.1144735767981353E-4
3.3946282622112733E-4
3.198507971986493E-4
2.1914403532568086E-4
1.881861538853119E-4
1.795868060652019E-4
1.8548406853642293E-4
1.7874869785997286E-4
1.79346053683597E-4
1.821248841575011E-4
2.0404826477907618E-4
1.9207090639193923E-4
2.3270960584115662E-4
