1.6340370011145455E-4
1.6599327756269838E-4
1.7114146364973406E-4
1.6811611252761437E-4
1.6329268882501696E-4
1.7331736465525836E-4
1.7052534276047255E-4
1.7127183952045946E-4
1.6736972915920768E-4
1.735686346632384E-4
1.75159919419386E-4
1.6418536469328817E-4
1.7156486388553654E-4
1.6512790949991846E-4
1.7752368545555932E-4
1.6873313458234517E-4
1.7088922460047865E-4
1.8188886015803869E-4
1.7664816267522914E-4
1.6314781265096523E-4
1.7433854016228768E-4
1.7045955501668572E-4
1.681348130633147E-4
1.6964735834596595E-4
1.7348548636965952E-4
