0.0032276325240393833
0.0033705994509162043
0.0032708284538020493
0.003326293807066798
0.0030316389309857435
0.003552943097838952
0.0034500754303776293
0.003317580185695178
0.0031989131557911836
0.003394136676626775
0.0034220330859309183
0.0030996148128468876
0.0032863388309895053
0.0032213589988584423
0.0034985677813185252
0.0033407565536142207
0.0033568285577140152
0.0033068763883742566
0.003403677382559744
0.003208496175318989
0.0032506574017136377
0.0033559442566073413
0.0033135330927631787
0.0032715727045134154
0.003373956552217885
