0.005294261270332057
0.005692765039238323
0.0054734154235531185
0.0055111893705673265
0.005338526450530151
0.0056355979148765
0.005440438984783413
0.005362219598160911
0.0052664328759935986
0.005381878495980069
0.0057430060725705
0.005666443536848642
0.0056247777372998575
0.005170245013292073
0.00578295286395536
0.005372537611552153
0.005270320089583558
0.005346753247585712
0.005381969276929244
0.005561614722694452
0.005664276115435074
0.005486629459223291
0.005317564797319707
0.005194426980685202
0.005332648039924698
