8.26478787065105E-5
9.566618868159853E-5
1.2490814852812498E-4
1.437681311560365E-4
1.274238365206859E-4
1.4435022255016565E-4
1.079219942203729E-4
1.497167831609022E-4
1.6677850349881233E-4
1.0183516755037371E-4
9.921586757837312E-5
1.47225944089857E-4
1.0945106694967269E-4
9.098579911335163E-5
7.273142375608253E-5
8.959878342529117E-5
1.1671194510415241E-4
1.0255468206484192E-4
9.22055734710265E-5
1.688497965401543E-4
1.7308613462123124E-4
1.323668338130717E-4
1.1394785870310225E-4
9.8558881411332E-5
8.576491623484667E-5
