1.3395717308309002E-4
1.331708567976284E-4
1.3488563126145918E-4
1.3437201482482177E-4
1.3510011251574534E-4
1.3474118075766325E-4
1.3444085525976903E-4
1.3413275968572583E-4
1.3469851699064492E-4
1.3442636319765103E-4
1.330898194560293E-4
1.3422216339983528E-4
1.3443845256830373E-4
1.34405311668769E-4
1.3452261183163173E-4
1.3269410889535455E-4
1.3331753995021666E-4
1.3404250211785653E-4
1.3389520021775425E-4
1.3510707329003014E-4
1.3470714693728455E-4
1.3470115235002543E-4
1.336563878805529E-4
1.3330982066922124E-4
1.3240347258029986E-4
