0.002418721200120289
0.0023818854113751
0.002459806658880722
0.002432432672223378
0.0024426190550389405
0.0024628500335007455
0.0024203887572808096
0.002424239329058854
0.0024442168164230302
0.002407215572136641
0.0024002014635253555
0.002414145893135073
0.0024307141586446357
0.0024135995510127036
0.002467563247117944
0.0024103051067912392
0.0024130161564564134
0.0024146782736967653
0.0024174641140576455
0.0024734956959000165
0.0024288964581206367
0.002437917163593301
0.0024073957844081024
0.00238733371660034
0.00238051277530818
