0.6960888167559843
0.6904250217392068
0.6949955177011372
0.6892479443408034
0.6948215942666807
0.693910766964395
0.6958594027498944
0.6920458749971523
0.6885535926963244
0.6912022942827053
0.6945836678052908
0.6935122355189296
0.695200918063586
0.694796040301039
0.6962257270516714
0.6928134925887813
0.6909817437905929
0.6957381630038805
0.6948825166985124
0.6883634803482832
0.6876354934659371
0.6962833677707212
0.6930248055011747
0.6930986953236798
0.6943814129284016
0.6959819080949536
0.6969291691441675
0.6963533265192016
0.6933829977141186
0.6914666573932231
