0.9997488361458781
0.9999703433329391
0.9999666522991486
0.9990972724226383
0.9998993674346853
0.9999972980355399
1.000035810066268
1.0000024603297597
0.9999460409116075
1.0
0.9999925554908202
0.9999625878895115
1.0000212478392467
0.999432484717769
1.0000572456678187
1.0
1.0000410198356964
1.0001482657363439
0.9994267262379597
1.0001332669026644
0.9998212078223279
0.9993545698183754
0.9996022704131573
0.99957269334713
1.0000271191634742
0.9999943413091854
0.9997613716924972
0.999796378116463
1.0004623433911273
1.0001749755395037
