0.542723131980874
0.5493724229117389
0.5487840607025279
0.5463506927706243
0.5476272820793433
0.5458837872730664
0.54303375036177
0.5477069847300732
0.5459826878057321
0.5470424202270379
0.5462145857079946
0.5448334058053591
0.5436738988369635
0.5441376790543949
0.5456001791316231
0.5438840795829827
0.5454136025106586
0.5442007789993258
0.5453704484128788
0.5441078037915972
0.5474719174360295
0.5459314722937808
0.5461123636453469
0.5442841663910952
0.5425912632718153
0.5476869113278194
0.546119170795988
0.5381712601298184
0.5464952431151154
0.5452788384396134
