1.0047999442100963
1.0000542935138215
0.9983969931352883
0.9993185623039963
1.0029912464461879
0.9977009437757985
0.9999783259659982
0.9969619878934782
1.0039028868520832
0.9991881537723634
0.9987718654514256
0.9990268291967789
1.001321860754758
0.9992554685292244
1.000322745582796
0.9993324445408813
0.9985974820381304
1.0019748057613156
1.0008243137165433
0.999656636264249
0.9984810124521823
0.999960311511661
0.9986487068337385
0.9998555314679478
1.0015351576690952
0.9987211538634516
0.9975176692983407
0.9993721939500817
1.0013806260595528
0.9991166227377294
