0.3209212957859295
0.3209976140360962
0.3209357905168834
0.3210094693179234
0.321173847861692
0.3207732831007166
0.32139107970822256
0.32083327282378626
0.320889517098131
0.32091690584559385
0.32100444471755
0.32117004374659974
0.3208107974621643
0.3208795690099714
0.3208910201987518
0.32095226075166594
0.3209816625831202
0.3212985773206694
0.32138012337360494
0.3205716750580527
0.3210763779529652
0.32086990289275236
0.32125887012221876
0.32054970485797885
0.32093899315983637
0.32030478472849555
0.3208272743028758
0.32055852172365046
0.32056334521780017
0.32092509680751413
