0.9998859445602356
0.9999226849585428
0.9999432623716319
1.0007565955101447
0.9999688365178159
1.0001976131932961
1.0
0.9999932979185885
0.9999824910338588
0.9999715068362705
0.9999357579030974
0.999834032062257
1.0002489409957482
1.0002446880628308
0.9997453323918313
0.99986439928955
0.9999857290911467
0.9999769142155911
0.9999763078014403
0.9997030839087002
1.000069429523827
0.9997795476876887
0.9998968016221882
1.0001521150771355
0.9999746853619236
1.0001263378579228
0.9998614398505501
1.000014308577958
0.9998936468422066
1.0000020274727766
