0.008564123543735286
0.006606446479231143
0.005851428043564977
0.006756440835395838
0.005796698986802018
0.021000406445441877
0.006280891219873158
0.009068744807217963
0.006196698001840417
0.013843904667921708
0.00613243643297573
0.005620251788476645
0.01765559548465473
0.005832884151812601
0.006611240270567996
0.0074225503549121274
0.005918095102258103
0.006538547183645882
0.0054983892915621
0.005923783497653989
0.009743510964252744
0.008362324113816988
0.008000000000000007
0.00601077589956428
0.006569224130278162
