2.670531436594638E-4
1.5121982217845842E-4
8.847291382593734E-5
1.874344962272181E-4
9.083330128763652E-5
8.775632452884899E-4
9.508260738652857E-5
2.7018308789981174E-4
1.1428855158835147E-4
5.118470031500987E-4
9.505564743636681E-5
8.161224655216427E-5
8.169964174355231E-4
1.533720204616983E-4
1.565264901356025E-4
1.1169195894653856E-4
9.420513688395423E-5
1.29082998572032E-4
9.252476203841296E-5
1.504717679656705E-4
2.547972648402885E-4
2.1780831659532808E-4
1.6340814225581412E-4
1.4822124484724052E-4
1.0485511075705588E-4
