1.6172811089569208E-4
1.3846611692858987E-4
1.3579212918145558E-4
1.3991223396345423E-4
1.3455333845070654E-4
3.0377649602720966E-4
1.3547398525399048E-4
1.617145162369567E-4
1.3616259424036582E-4
2.2132926206572858E-4
1.3680555879731646E-4
1.350401988750714E-4
2.7773210985297377E-4
1.3608737194770876E-4
1.3907124493645659E-4
1.3919719302427026E-4
1.3577940193215318E-4
1.3643411129545408E-4
1.3455824725912293E-4
1.3658153722480743E-4
1.6118236308115228E-4
1.5201842802971906E-4
1.4349295471508672E-4
1.3795040615978407E-4
1.3690769528524672E-4
