0.00409854466035106
0.0028915696384065773
0.002637495888390932
0.0028424853956765103
0.0024914898869601862
0.00802315964122324
0.0026563984736959986
0.003929677783876185
0.0027186745721798538
0.005795948934698074
0.0026484989662759586
0.0025590771490420243
0.00755565437426743
0.0026672372414986334
0.0029501599786758387
0.0027911338534563953
0.0027189581674879094
0.0025616991337980566
0.002601163563617848
0.0025891191940451415
0.004051835931548087
0.003832799829578156
0.0031679801936861864
0.0027462172192409253
0.0027980523047370547
