0.9424032941338674
0.9424867044792388
0.9423869113514414
0.942766633293244
0.9426388786364923
0.942627494127302
0.9418859206061655
0.9426016275539508
0.9427086611221638
0.942694252846166
0.9426024119551393
0.9425252401833437
0.9425721927700108
0.9422011084094736
0.9426750349559849
0.9425767657458725
0.9424356381246713
0.9422967905951602
0.9426565146540954
0.9427258192090658
0.9427165367251188
0.9423185983204286
0.9425909433502312
0.94217933589202
0.9427304806718401
0.9426188540049062
0.9426684876051844
0.9426865110477219
0.9426273443059315
0.9425323356942188
