0.999970731202103
0.9998935287512901
0.9999916183420136
1.0000363938408665
0.9998491712963594
0.9998961849554473
0.9998816919651845
1.0048255840106761
1.0005127052596827
0.9999500739665744
1.0002181464827447
1.0000827931930107
0.9999011287086312
0.999856013999587
1.0001336867805843
1.0004901224434948
0.9997272939796126
1.0001334454809059
0.9998199388656248
1.000136965703135
0.999807503593608
0.9999681282393489
1.0000695191695066
0.9997853659417714
0.9999475739412211
0.9997306559226606
1.0005879610994184
1.0010219381816545
1.0007135977441544
0.9999425264579447
