0.6091847132804405
0.6095671146242815
0.6088740641342433
0.610040752002105
0.6107925186554053
0.6090185006371795
0.6102511351736796
0.609323584094591
0.6113434459711589
0.6102916116901461
0.6103893709889294
0.6103181203217612
0.6107955028768977
0.6084388213992553
0.6108862924932389
0.6096239932916617
0.6116698996053668
0.6106625638034939
0.61072198537071
0.6103024570341493
0.6110455336151341
0.6107274524563882
0.6091671012116519
0.6098749165048309
0.6109247141331886
0.6068330197807095
0.6108437873971801
0.608475815707024
0.6114212340786985
0.6102559877896115
