0.9996347601182395
0.9994575504024346
0.9999129855875963
0.9999675112717306
0.9998368411988088
0.9998346214447591
0.999911730259834
1.0036896340781336
1.0
1.040939210517567
0.9998713338757517
1.0000292658650107
0.9999146553223732
0.9999989359221495
1.0020817669080673
1.0
1.0777507626813945
0.9998814043725976
0.9999538403633128
0.999904338765205
0.9998986114470974
1.074925938961679
0.9999554897092308
0.9999225993251596
1.0
0.9999955770646565
1.0001534303340445
0.9999161886760851
1.000399578490351
0.9999600322033293
