0.979133282048983
0.9791258977874383
0.979110891533259
0.9791684188099246
0.9791427415591275
0.9791474271478614
0.9790498689114605
0.9791380658668422
0.9791514057576923
0.9791230731513079
0.9791193138368827
0.9791373516086959
0.9791268758367482
0.9791234837679768
0.9791451007858647
0.9791195985973844
0.9791364359363889
0.9791320251511203
0.9791356400722279
0.9791413264798552
0.9791596300532448
0.9791314636253804
0.9791615483453996
0.9791398758065473
0.9791315166277471
0.9791686031145673
0.9791088284436174
0.9791271178655105
0.9791240920991838
0.979126325973251
