1.0051969482642895
1.0001736496722686
1.0005289152501244
1.0001089931962082
1.0000229019404168
1.0006690274530787
1.000078097560257
1.0003979365447049
1.000372325838197
1.0005839483607413
1.0002323799626185
1.0000203827365104
1.0001333226980287
1.005258423875078
1.0000551394696175
1.0000534835864503
1.0003783757470415
1.0
1.000160918395979
1.0002456005909308
1.000140214283988
1.0027907838127401
1.0007950084864095
1.0003279942984502
1.000118111299705
1.000651834717063
1.0000683069737424
1.0001718239786106
1.000248275014795
1.004137023786394
