0.012065633555427113
0.012649837297993904
0.012059469256386068
0.015940495851328118
0.015794051852747293
0.012330400062794011
0.012066745203544893
0.013373419821004096
0.018141543706532648
0.013034693413303877
0.01764722119594464
0.014511764545658834
0.014556073379225265
0.014237843908737613
0.013121982444834646
0.012140779818490599
0.011562179761160696
0.013322210883934371
0.011951707197547123
0.01184509647127549
0.017156078692094845
0.013751159508525568
0.01423629503339277
0.01485795218558672
0.016213631248622712
