3.6071544454588475E-4
3.7704583184609267E-4
3.7721752458496493E-4
3.474324033601203E-4
4.1336136707970745E-4
3.9028633922914407E-4
3.824121233134268E-4
3.4267060178782275E-4
4.4718234809269233E-4
3.75237471576078E-4
4.361875586097407E-4
3.5044915473773984E-4
3.869972742372247E-4
4.0385086604042956E-4
4.2973007484937384E-4
3.078893828385793E-4
3.583602012923556E-4
4.534894489901881E-4
3.8805807869491565E-4
3.716273746758733E-4
4.195682435345989E-4
3.9209517398369005E-4
3.690868457499908E-4
4.944394869450901E-4
3.6508964871468757E-4
