1.8838297014914362E-4
2.0310147935936548E-4
1.9760539116300382E-4
2.002102835346499E-4
2.0944944600056396E-4
1.9802673106595405E-4
2.0058146493014058E-4
1.8875080915158046E-4
2.2397309968268502E-4
1.9872075001970544E-4
2.1288570969410782E-4
2.06384841791683E-4
2.0133321048814066E-4
2.025499431901254E-4
2.045466580706073E-4
1.84767148300991E-4
1.953749486087443E-4
2.1016665851904002E-4
1.9776807080189247E-4
1.9697918618859507E-4
2.1440247350564703E-4
2.0186240894657037E-4
2.016403623324224E-4
2.252879739217302E-4
2.0795040725578401E-4
