0.005008261618132568
0.005405863885971422
0.005400505153438095
0.005289744044228351
0.005650456804757972
0.005257045941995957
0.005469415056541023
0.005045549183620392
0.005918659551401765
0.005230385781754939
0.005627593726210955
0.005368402557945187
0.005317789617426745
0.0054456376090587354
0.00552730359073457
0.004615277521780889
0.005331504793686785
0.0054813898567362355
0.00521619317654534
0.005102621307804376
0.00564943553912213
0.00541976363295774
0.005372692925595116
0.006179370871794892
0.005278897249697675
