0.32010618969257787
0.32053009390058596
0.3202019532836243
0.32029978406007215
0.3205480157218309
0.3208261261337838
0.32004788069516255
0.32039687144977824
0.3201312839303769
0.3204373684735954
0.3201234341566955
0.31988435795225895
0.32068413036842364
0.32053619084962065
0.32027302522471385
0.32050097851008674
0.3201889090007599
0.3205451150719564
0.3206477995533104
0.3205352611572279
0.32050603096858465
0.32078980981540817
0.32027364533053393
0.320164017591652
0.3204555164322844
0.3208800189602183
0.3205551939217259
0.3206308911500676
0.32032269146637765
0.3206077307228363
