1.0
0.999760931327745
1.0003674274110772
0.9997716377803028
0.9998062728668516
0.9998580699466718
0.9997193303742395
1.0019002287464973
1.0010312038977975
1.0002200862961836
1.0
1.0000298121373723
0.9999502406253327
1.0006260349073455
0.9991648811953577
0.9991376639137074
0.9998979425311263
0.9996234157537001
0.9993356897568062
0.999546799384225
0.9997098534353005
1.0003523652067048
0.9997377642793234
0.9995751041398785
1.0003541964911244
0.999795972536242
0.9998613617005141
0.9999720425846348
1.0000491234113518
1.0004114930154255
