0.007567330671898739
0.006228648735586206
0.005388065686723745
0.005617458171421341
0.006223578939500429
0.005712734933919272
0.005875307727644566
0.006264204889524616
0.005613346098297223
0.005806707324402138
0.008141965158385
0.006254768923265208
0.006154675604190585
0.005797180726270723
0.005405842975366101
0.006183824480301414
0.006000000000000005
0.005786381494432141
0.0062287336564109674
0.0061913748227651055
0.0059817245374552686
0.005740508588446158
0.005695354403619457
0.0057431298269835784
0.0054537867642864
