2.4028190823757866E-4
1.1330839408297432E-4
9.247780561536802E-5
1.0783297708196115E-4
1.0506156576862779E-4
1.4176604280880052E-4
1.1394194937380052E-4
8.734430587132144E-5
1.0631894980183102E-4
1.0550035510703673E-4
1.9611234986474234E-4
1.5228047097687629E-4
1.5482024542768437E-4
9.216070194042522E-5
1.1162949287468097E-4
1.0151246358492618E-4
1.5255418879837985E-4
1.595320061872756E-4
9.995552016698875E-5
1.3397071726353526E-4
1.4463197686366466E-4
1.0509387590876353E-4
1.5245670325725308E-4
8.533874993242513E-5
8.824425599390487E-5
