1.493904040384949E-4
1.3721929625563285E-4
1.349598085164799E-4
1.352476174131761E-4
1.349001319740695E-4
1.36870546431857E-4
1.360638724627495E-4
1.365508443456913E-4
1.3558871766651556E-4
1.3496725567846193E-4
1.4341950534579705E-4
1.3773138615788362E-4
1.3656157889984445E-4
1.3518883333149442E-4
1.3333867287863773E-4
1.3743422322308894E-4
1.363592862698931E-4
1.3638333835631075E-4
1.3696562236779149E-4
1.3677870224078966E-4
1.366019682006852E-4
1.344986147553989E-4
1.3633263174255404E-4
1.3459394250661414E-4
1.3396352854364038E-4
