0.0034889330331418413
0.0027267248049647696
0.0024808368719628077
0.0025576853097357736
0.0026036146135492025
0.002702647503423148
0.0026101617968380046
0.00270600999009651
0.0025425594078866383
0.0026366225845899545
0.0031745537422353046
0.002740739096886626
0.0026856766456817604
0.0025525541498687835
0.0025294745242172775
0.0028957094906701484
0.0026106261424900987
0.002566260200960064
0.0027583457618055346
0.002728602108317229
0.002653687701654877
0.00246861281011776
0.0027070352853922433
0.002601342879748961
0.0025682058852868708
