0.31904445660304176
0.32037256456500773
0.3186310452254435
0.3185719519834897
0.31762882251034535
0.3181214116606974
0.31967035383315723
0.31806452732263946
0.3188515651935799
0.3191348622676227
0.31699812433307145
0.3189063573790665
0.319496097431272
0.3184756216210539
0.3190452623394602
0.3186055467525148
0.3195505098852464
0.3186231836046325
0.3156854226347011
0.3189297469340923
0.3186898376109268
0.3184799749119479
0.31775297709752937
0.31696274853598994
0.31859201733962805
0.31844039750693526
0.319950611962185
0.31894441731389167
0.3194735182344363
0.31946676061063767
