1.0
0.9999946960941805
0.9997900875347849
1.0000142372758283
0.9999605886998073
0.9999828973897823
1.0000152479681477
1.0000419331778096
1.0000781353075705
0.9999493496577322
1.0
0.9999796600119374
0.9999607252312479
1.0000703654561922
0.9999891729630654
0.9999939917407975
0.9999366014474026
0.9999969869848402
1.0000040965120287
0.9999897608772069
0.9999181996789516
1.0000080443545816
0.9998071300803332
0.9999930743316894
0.9998978745166389
0.9999995464572298
1.0005482296818193
0.9997199017043741
0.9999566749314777
0.9999725874750909
