0.9427772010431938
0.9427470556414094
0.9427055258563667
0.942614461520735
0.9427427479433612
0.9425498546812768
0.942763085702547
0.9427560429402461
0.9427489905895572
0.942761887547432
0.9427224144134279
0.9427362506669817
0.9426912855003139
0.942675010699455
0.9426502042923446
0.9427423869300143
0.942769743929883
0.9426171114692719
0.9426715657227953
0.9426950856033576
0.9426666350178596
0.9427393434115279
0.9427620997055886
0.94276795327191
0.9427361889944369
0.9426535137818186
0.9427332144274789
0.942780324193157
0.9426759094553306
0.9425729070368336
