0.9999681001079909
0.9999807461748037
1.0002635906556716
1.0042401139658745
1.0006468885879598
1.0000904601116827
0.9999668199906632
1.000419018153715
1.000063830113903
1.0004973148726886
1.0005101814386652
1.0004453541074056
1.0551521141311402
1.0002248764793211
1.000376013095066
1.0007926039339
1.000235743413062
1.0006230968991423
1.003809765610071
1.000019157371625
1.0001467389429357
1.0002213678673486
1.0001374471535192
1.0001333127780399
1.0001778998837743
1.000000384395493
1.000850606712524
1.0122354152911546
1.0010693514625115
1.0005793598977997
