0.9790521378763931
0.9790670268192759
0.9791383833418527
0.9791233393139627
0.9790552916710596
0.9791100416010777
0.9790890160862005
0.9790878609279363
0.9790691875345008
0.979122139328508
0.9791118057171669
0.9790696692724352
0.9791490662500688
0.9791095600197629
0.9791365279818058
0.9791054645677272
0.978985744624036
0.9791065051244967
0.9790500115099062
0.979067644651917
0.9790242871309538
0.9791046425688757
0.9791655167455217
0.9790002459415545
0.9791217529587247
0.9789395035948311
0.9790892018310232
0.9791561923543283
0.9790591731277507
0.9791105463116597
