0.9999194902108128
0.9999895801289836
0.9999506978849191
0.9999362384367387
0.9999602375106066
0.9999895022750551
1.0
0.9999391853008457
0.9999025558994038
0.9999195910674387
0.9998182196959235
0.9998430978521069
0.9996938557241659
0.9996257039190213
0.999984290183619
0.999871528488647
1.0001412943262404
1.0
1.0
0.9999609281116871
1.0000018045661199
0.9999095696507916
1.0000317741137734
0.9999212033309767
0.9999621701292575
0.9998210754283834
0.9999752674677395
0.999891299279319
0.9999066039541867
0.9998154959326283
