0.015822955312431164
0.01395708690817804
0.014724991703364554
0.01711133107270163
0.01792325473919676
0.016040774297888638
0.016491439758035353
0.014135423965739469
0.014255533694322753
0.01636507300244805
0.01496234206892616
0.015206614131334506
0.019208741607147913
0.016447692130192565
0.01808695419900902
0.015587197186087198
0.01456550575570248
0.015575991961415514
0.019164679582843513
0.018653327511720608
0.015940835446421386
0.01766061837632929
0.015554039613929593
0.016604661494499795
0.015807027228804005
