6.057987737508648E-4
5.339505828523242E-4
6.21608590989971E-4
5.218332542369692E-4
6.683493988413895E-4
7.345509015780186E-4
6.456677966510254E-4
5.173852279450249E-4
6.630761172442844E-4
5.706103954720432E-4
4.851526143822614E-4
6.503116125425194E-4
6.778762729613914E-4
6.558943032998064E-4
6.398995405734751E-4
6.576655126676879E-4
5.989997830550278E-4
6.202620132812775E-4
5.638235505337985E-4
6.313461122112063E-4
5.870500795885172E-4
5.74926431130806E-4
6.216734689731283E-4
6.425227850606513E-4
6.625565658554763E-4
