2.5053130834750147E-4
2.3108567250763288E-4
2.58647628791569E-4
2.3899615744867243E-4
2.718209963800214E-4
2.884506314887008E-4
2.6687603307101564E-4
2.3573805796827106E-4
2.4320546148742884E-4
2.4715160312637976E-4
2.1699624799957087E-4
2.5651401361944477E-4
2.7922958719570973E-4
2.681793828958998E-4
2.615585056779379E-4
2.6449546940431306E-4
2.5195520184468294E-4
2.59585897202937E-4
2.4473925303901753E-4
2.6159105893534855E-4
2.4461811684524094E-4
2.477866439557342E-4
2.6623832130317566E-4
2.65912653379361E-4
2.6700051604634746E-4
