0.007291835070627853
0.006534063722637099
0.007598831287729318
0.006752651043620647
0.007967318021411603
0.008761006436814909
0.007761406989259082
0.006805766988588839
0.006900911755827398
0.007104857641093051
0.006064348957372526
0.0076276401892140045
0.007940793246647872
0.007994925558490231
0.007647804640033806
0.007858557475457705
0.007480082656009948
0.007737721310977379
0.007098849847869762
0.007628291457377687
0.0071499177808116154
0.0071344906661699155
0.007617951491585412
0.00792808589810937
0.007895413064892996
