0.014482926853387756
0.013058734962841809
0.017333736841150693
0.019832602226262624
0.013315692807836677
0.01265497161650131
0.01966796924376374
0.011851310733130282
0.013084246809384553
0.012542208117877734
0.015345036062951234
0.011510962460281438
0.01881452866539257
0.0161536506932677
0.015392155571784957
0.0193359743876092
0.01400069669696452
0.012033818918870953
0.018110416136251473
0.01514375303106319
0.014892032577593084
0.014128142614717482
0.013432997022020388
0.011857327477423824
0.019302460786042253
