3.4499001839791E-4
2.8573660674663685E-4
3.212205303844207E-4
2.895490834902124E-4
3.4262652561327313E-4
3.4925546392203336E-4
3.3966146946070924E-4
2.9267338170058777E-4
2.3472631904186396E-4
3.0438089013665463E-4
2.697231041852967E-4
2.6869046065282397E-4
4.1287342273203776E-4
3.2498728071749016E-4
3.0145595049399276E-4
2.8619025412250204E-4
3.832536313134453E-4
2.9485111047042214E-4
2.858050338645108E-4
3.4272270660912316E-4
2.7520264865839E-4
3.164368094013518E-4
3.293273640427768E-4
2.6978427763436544E-4
2.89725488976285E-4
