1.9920088922737114E-4
1.8919218372680512E-4
2.0190299569476915E-4
2.064066783786121E-4
1.9777394034407866E-4
1.9059405307159523E-4
2.112551925608118E-4
1.9454568984358025E-4
1.969012143372062E-4
1.9105261559539997E-4
1.984911748608448E-4
1.81660612635817E-4
2.150802118170586E-4
2.1535019718327918E-4
2.0129442188802107E-4
2.0321142259218232E-4
2.0808051010187792E-4
1.7974130705618075E-4
2.077650600915372E-4
2.0185318031309005E-4
1.9671964845555562E-4
2.03504984349085E-4
2.0262300863773734E-4
1.8862441303056567E-4
2.0135010527107936E-4
