0.00506927662874726
0.004491365837721463
0.004942937304827388
0.0047429250440357085
0.004933951629427236
0.004544659219240661
0.004972463632819425
0.0047781473885777715
0.0043948817379658636
0.004613635232328621
0.004446212120940119
0.004511167653274928
0.005324082637416269
0.005083808412021138
0.004574348020857625
0.004643095825494363
0.005284825399889531
0.004403942293166826
0.004613770578022377
0.005158051292215788
0.0046036598373664335
0.0050993987263633815
0.004827306850482199
0.004528270048637071
0.004717897450757831
