0.010510810984067281
0.011963691548896427
0.012917963749544514
0.012797092725231968
0.011541474280993724
0.010408297489986729
0.009754650575133694
0.011225450563402267
0.01090019729920988
0.01469393244868615
0.012147652198942926
0.012699061226736419
0.010284919988367586
0.009858144301878147
0.011560262738174343
0.010281307487243485
0.010761863548308104
0.01146133126814286
0.008909813541526607
0.011544625823690091
0.013065370129786646
0.010440963008652715
0.013001528086810432
0.013702845626814897
0.010607758829371997
