2.1528531816710942E-4
1.7332594770762798E-4
1.5870241580035808E-4
1.7703440229611427E-4
1.8024469376355716E-4
2.1515240265008968E-4
1.3472129564900625E-4
1.8642927693019904E-4
2.3557115679116985E-4
2.1276916178817457E-4
2.0290749742148722E-4
1.9176782030487892E-4
1.288849529009258E-4
2.174889636994027E-4
1.334973379755896E-4
1.4611640837340246E-4
1.8024452629196867E-4
1.858587862870455E-4
1.7576650159570976E-4
1.7861333197362702E-4
1.9049335735265592E-4
1.1543545419442507E-4
3.142391912063477E-4
1.7992220742846693E-4
1.3333096021495873E-4
