1.6797251289733288E-4
1.6944383624109012E-4
1.7622540178770333E-4
1.7680916266874305E-4
1.6755015302215973E-4
1.6910882326912955E-4
1.6521568100784085E-4
1.8107891022118864E-4
1.6566457809752863E-4
1.8393182135433483E-4
1.7123139326949606E-4
1.6909082633390546E-4
1.715267849042945E-4
1.668679402836213E-4
1.658749395141388E-4
1.6142541606477343E-4
1.7570339261331746E-4
1.6401156042386258E-4
1.63253545556736E-4
1.7919167324305447E-4
1.7934632001942105E-4
1.5822016055623117E-4
1.727269340915543E-4
1.712373183403737E-4
1.5906618761749977E-4
