0.0030335267988936578
0.0029450910006611013
0.0030924454375091076
0.0030750884592415733
0.0029964270541679382
0.0030202619384122635
0.0029453669196116638
0.003068355608223947
0.0029292548002336273
0.003139890423418479
0.0031728605467810055
0.0029006035952748145
0.0029609225857769057
0.002993515633383642
0.0028007742722505513
0.002787788876010458
0.0030320343518763716
0.002869076711840238
0.0029334353007379765
0.0031298379260040325
0.0031465334809838486
0.0027706389623863388
0.003037020709510171
0.0030485904862882075
0.0028547403298703404
