0.013052325880700266
0.013816784837748564
0.01177035212478414
0.011681459150620535
0.011341476870726286
0.011620208445448199
0.013601555583842628
0.013556044760903108
0.01323237575668118
0.013421218708295046
0.014845607359548874
0.01685236395678541
0.01598857165127257
0.013793605842959522
0.01506829659541764
0.013040463158936505
0.011307511998697506
0.015038851432655265
0.015623905324390286
0.012841862895902167
0.014067890859017329
0.01214710907454325
0.017663442120577882
0.019530770900233363
0.011614338788812295
