2.488254342141611E-4
2.916500316643095E-4
2.1726700314754352E-4
1.6922382223090638E-4
2.3835888235944122E-4
2.243147568913513E-4
1.428132660141936E-4
2.0135198915832882E-4
1.9574818052235372E-4
1.9516294741129408E-4
2.510294399099737E-4
2.080424008324236E-4
1.9424928169323036E-4
1.8637951012901198E-4
2.1019373324430288E-4
1.812755848122939E-4
1.5304367063932538E-4
2.293278384322361E-4
2.1386035699726114E-4
1.7525746423265861E-4
2.1817747373447085E-4
2.1113034395427052E-4
1.8575701525904472E-4
1.8908052183379438E-4
1.898633914137989E-4
