1.879597548767152E-4
1.856388844089921E-4
1.7102687088587374E-4
1.844688995980287E-4
1.7582255356368538E-4
1.680557249183317E-4
1.8485997418331025E-4
1.8463765727217245E-4
1.7598095744244025E-4
1.8049671175768243E-4
1.9294326137742141E-4
1.9808679606848307E-4
1.9880921749345005E-4
1.832386572393027E-4
1.969024470642532E-4
1.8450180559445657E-4
1.7291986045555094E-4
1.9857361434177226E-4
1.8646513388309937E-4
1.9231131518108058E-4
1.886465295371237E-4
1.8003395782928633E-4
1.9680081137442637E-4
2.0791855273008644E-4
1.753275398132051E-4
