0.003840184470711185
0.004088475387893181
0.0034916368488512434
0.003763855711511152
0.00364035742226552
0.003466191335713515
0.0035681422483677845
0.0037180309433411016
0.003411975833988061
0.0036536190565154055
0.003945086335988438
0.0038488013796561652
0.0037153299038003816
0.0036599852384638556
0.003917943270685335
0.0037747619934277938
0.003312067462023223
0.004025722836399806
0.003704574502737254
0.0037352662924692837
0.0038917932986974077
0.003485311552113431
0.003758891747140363
0.0039273236617594345
0.0035563911878719063
