0.012344698090179851
0.015268915443853198
0.010970042716013095
0.015320228308685346
0.010087880346701272
0.012534041601882234
0.011346254763305336
0.01067336202653879
0.012678594635533613
0.00989887551477403
0.01248065046790292
0.012191101560828838
0.011318657546528804
0.012521625217514931
0.012900194117545949
0.010745270282920077
0.016575993150916374
0.016937627272189393
0.01521147685699381
0.013283429057096896
0.012921341134104092
0.01733967421230942
0.011008673842926753
0.011612437918668783
0.014101644548014991
