1.7216969064399426E-4
1.7503691297459818E-4
1.9728695643066066E-4
2.232015072256915E-4
1.7963886658245613E-4
1.7304979427132803E-4
1.5632608871010654E-4
1.9740833228461905E-4
2.558122699723149E-4
1.0654603595781818E-4
1.1293303795670738E-4
2.3690522831700298E-4
2.095429783197012E-4
1.689921865878207E-4
2.1652429563814559E-4
1.826484425380511E-4
1.2865831096643262E-4
2.0709782513892718E-4
1.580616871709812E-4
1.7151145965002754E-4
1.4893644437400223E-4
1.7178518063599977E-4
1.962166865761172E-4
1.471949142522725E-4
1.848967030557737E-4
