1.7448765568829226E-4
1.9044186647461533E-4
1.7424108847182814E-4
1.955247396426323E-4
1.7723578939567234E-4
1.732978464093773E-4
1.7891620219663166E-4
1.7506834481783353E-4
1.7968153101330118E-4
1.7271033914391403E-4
1.848670265049608E-4
1.7891991391409253E-4
1.725177500418768E-4
1.8424933673447975E-4
1.8957203596579492E-4
1.7576902455038082E-4
1.8929547184864669E-4
1.8337621701024586E-4
1.967450988048099E-4
1.831005879450638E-4
1.7949505168589713E-4
1.932637105568656E-4
1.6896377168456494E-4
1.7910781269458444E-4
1.93518814794033E-4
