0.003071577112329539
0.0033764117979661647
0.0032677827511966026
0.003602861874618986
0.0031438075431697433
0.003164770104666162
0.003144670669105431
0.0032253546507824034
0.0033569089516747256
0.0030310666238835896
0.0032358960136728335
0.0032130656251473473
0.0033307745666887345
0.0032466395015746923
0.0034874135068837953
0.00315075186376014
0.003275325755717996
0.0033015831062065777
0.003343407228031899
0.003183306028522004
0.0032440662369219424
0.0033870329207986763
0.003122210241194875
0.003232323985020984
0.003487939899712729
