0.6118326474546646
0.6115984915153011
0.6118464769301662
0.6117826568222534
0.6117332149928716
0.6116326552350617
0.6117051343191604
0.6117173412276261
0.6116554055364782
0.611639321838969
0.6116740206641367
0.6116004128532804
0.6116808776409782
0.6118399063258821
0.611594300556578
0.6112663405505575
0.6116438016503003
0.6118807944897172
0.6117949426575293
0.6116766331761757
0.611959562095504
0.6117147520482339
0.6117169765117767
0.6115702654594253
0.6119657201173399
0.6116553545172151
0.6118325911293719
0.6117758385208975
0.6116341497026447
0.6117547417788923
