0.9998073157829322
1.0000036654845466
1.000890452271715
0.9999751977447776
0.9999053908047991
0.9999178994688966
0.9999729473680113
1.0001282237639584
1.0001064475170687
1.0002921125792401
0.9998078904777608
0.9999137498978793
0.9997224549969767
0.9998632197186458
1.0000578817232917
1.0
1.0
0.9998106672904187
0.9999025839254165
1.0
1.0000485425469574
0.9999246454916836
0.9996620713248793
0.9999230223822091
0.9998858017368649
0.9998573755276859
1.0000691809609719
0.9996751933499436
0.9999358207542814
0.9998629885806403
