0.0052608059328502765
0.005380145489478405
0.005464699128355566
0.005888271885376245
0.0058186573515119355
0.005758637983913351
0.0054243856630258325
0.005363498379550746
0.005322899341959619
0.005116327186148517
0.0052866811229210775
0.005480569034335109
0.0052776577458870655
0.005378846092870426
0.005502826304896735
0.0055884293516685335
0.005195292674681551
0.005244926926841004
0.0055137519343302355
0.005200973931836161
0.005680186699323575
0.005589293932148687
0.00549657671708742
0.00569634691989096
0.005594986257520085
