9.652748284997888E-5
1.4174631772014587E-4
1.325856160562448E-4
8.737675832986764E-5
1.585158882522081E-4
1.1262656665923339E-4
1.5428089706613944E-4
6.952634096998568E-5
1.2409156724989387E-4
9.670544146459232E-5
1.3642832527373746E-4
1.4423332881089115E-4
1.6123632016095586E-4
7.930588939896227E-5
1.3767646570604706E-4
9.922431315363873E-5
8.259919373151935E-5
6.035101329699337E-5
1.1635709218519935E-4
8.285636987716458E-5
1.2485947986141366E-4
1.482429120458458E-4
1.4395893872767973E-4
1.1483126187664767E-4
1.0831966772690542E-4
