1.3445063351539955E-4
1.3425983146835696E-4
1.3453154777210886E-4
1.326269743136088E-4
1.3603096179948287E-4
1.342457468217265E-4
1.3467137479141947E-4
1.3391805690261425E-4
1.3469958977034693E-4
1.3419968937434674E-4
1.3496255348509622E-4
1.3596693436006095E-4
1.356663696339631E-4
1.3374799482150215E-4
1.3505256124016874E-4
1.3438189881958475E-4
1.3476560981351228E-4
1.342173641439378E-4
1.352402968071311E-4
1.33338277588661E-4
1.3502562949687316E-4
1.340743928675516E-4
1.3430063157447386E-4
1.3441227411064872E-4
1.3360861643575827E-4
