0.002433573081759968
0.0024366673061472434
0.0024482314760394214
0.0024017937584169197
0.0025685035962421787
0.0024625277817237677
0.0024927220185097135
0.002466986265614773
0.002433956143203216
0.002455147413975672
0.002482796868958014
0.002497000314555664
0.002478396408667363
0.002427531005301164
0.0024730958378973255
0.0024600387304784285
0.002427761995307173
0.0024550991303845943
0.0024678218805460356
0.0024506365833515983
0.0024336459970262358
0.002491327957820896
0.0024760687362523283
0.0024527997769757367
0.0024355125206076277
