0.0695577790773898
0.05096124000267793
0.08253580516740239
0.11266704034297598
0.05428680296591119
0.07329963653820613
0.07382213048810062
0.06975183667010763
0.06838945644120405
0.07788875633097483
0.0534748641124454
0.07909111583965386
0.056171857777371985
0.08456521640925219
0.08390588784826432
0.07956339968017462
0.07827988039351702
0.07862492033370166
0.09040875518915256
0.07389440950516404
0.051699754527402705
0.09861586644280129
0.062466316995390264
0.07471502475359666
0.08593674156254652
