0.5512742675898687
0.54770137602585
0.545773696916047
0.5514193464136101
0.5519822463947849
0.5471266857165669
0.5508068112762448
0.5495730537041628
0.5504807223989002
0.5480827349249805
0.5530555221148328
0.551590243351191
0.550487693605978
0.5525915875779029
0.5469861447323785
0.5513950857609078
0.5495125265163283
0.5466380826911105
0.5500921536921924
0.5510233696743713
0.5487514857663859
0.550249970413923
0.5491436509702391
0.5509744771751653
0.5497798771559864
0.5476005260357238
0.5493524310610169
0.5496065865653373
0.551599860163538
0.5519535042723303
