0.9994479229953445
0.9986200990287359
0.9997889223573143
0.9994684887576575
1.0010836416065
1.003553456607129
0.9997213124254298
1.0008393064156678
0.9990832794043419
0.9996775700327252
0.9995295702111608
1.0113378924881753
0.999593617491506
1.0241714650876177
0.9987107025145338
1.0048535476024174
1.0132177887263374
0.9996999229152183
0.9998627053735862
1.0128534842001642
1.0008365729110156
1.0204887899833026
1.0062249413117141
1.004723401026363
1.0167967703770602
1.0106552691892492
1.0010899497648058
0.9984287160980053
1.0005363242038825
1.0040382717104122
