0.979125234831872
0.9791506452287596
0.9791473917158455
0.979096975481222
0.9791468707188379
0.979128217282756
0.9791346229522764
0.9791283017255539
0.9791570486824918
0.9791202766992424
0.9791587930985014
0.9791403932549136
0.9791326481161562
0.9791347260124301
0.9791398382609163
0.9791242606223289
0.9791190343896277
0.9791339352226379
0.9791287914842378
0.9790980378471034
0.9791412846271068
0.9791188029142496
0.9791379891511665
0.979147921702218
0.9791055847522329
0.9790834550733403
0.979164254786235
0.9791402482540283
0.9791128546550576
0.979145867153994
