1.000545486508278
1.0007545940336995
1.0002115704050383
1.00001507967045
1.0002018782622748
1.0003439760844397
1.0004120186442045
1.0002676834330793
1.0001509954409484
1.0
1.0000213766608603
1.0000572756957737
1.000038663074819
1.0000383329884786
1.000018677383678
1.0
1.0000422864474443
1.0001411999660064
1.0000210381660661
1.0000293010735688
1.001491681803524
1.0
0.9998768580524156
1.0000658283151962
1.0000627019040533
1.0
1.0000483770040243
1.0002211852286291
1.000516003590456
0.9999884560587757
