0.538482128314221
0.5219280415468333
0.5321707865360622
0.5276889054826863
0.5345030944335293
0.5319317646819897
0.5377039628995555
0.5386857700310921
0.5226846834086791
0.5373327717992998
0.5356110638439577
0.5261826155257964
0.5425606356536591
0.5435643039130754
0.5344419663323066
0.5461594547363733
0.5371245417219063
0.5478771876072247
0.5454003527074
0.5440954311534565
0.5404516012470845
0.5339519975730931
0.5409630843418691
0.5321934652077693
0.5270945015840037
0.5423065467918097
0.5438505867576421
0.519456960884867
0.5367289563382778
0.5368363850701511
