1.0192334911870173
1.0014530581210606
1.0065796929313582
1.0009293136789563
1.0000362061017216
1.0011666974933282
0.9998722011385335
1.0038048294063315
0.9990518357665183
0.9997631523244858
1.003676829420934
1.0059254670341922
1.0023444843182845
1.0797017800967241
1.0031203285845658
1.0097570029167011
0.9999570721030646
1.0018246257805625
1.000456538680628
1.001710065334904
0.9997593593694345
0.9999886912283841
1.0012226846436292
1.0023654974531837
0.9991831508778151
1.0769511271477112
1.0017026818638812
1.0888815833138383
0.9997580193305396
1.0027285381765845
