0.6119476574033794
0.6120473845755533
0.6120698583700728
0.6121440428734912
0.6121178504568054
0.6120815998139735
0.6120965605826951
0.6118145870922326
0.6120115181962327
0.6119475927301636
0.6121001888937245
0.6120870109387373
0.6118354402251902
0.6119912125707554
0.6120634882039093
0.6120153159943491
0.6119446521980083
0.6119019241502726
0.6117702264535932
0.6119502793390007
0.6117817340443156
0.6120238728358748
0.6119636968319928
0.6119502878734115
0.6120950452940609
0.6118929951114491
0.6118424807376741
0.611961112890542
0.6118024938034706
0.6119143029461581
