1.000824731435252
1.0000447183719152
1.096383324089037
0.9999781468657317
1.038305718273678
0.9999709646347047
1.0
1.0000532755711626
1.0009748205604956
1.0
1.00029736633092
1.0002720083993522
1.1042139844803904
0.9999265390884575
0.9999825785259643
1.0002270140642728
1.0983479198849888
0.9998916805308437
0.9998846263138799
0.9999383079772703
0.999960715450878
0.9999938986102469
0.9999005530523343
0.9998847321255422
1.0
0.9999782273597194
1.0005601495947565
1.0000198937969458
1.000002062967231
1.0004221782677711
