0.009753779625695347
0.012830681703772218
0.010794204156093334
0.014651554469760464
0.012030097578165574
0.010521143822795911
0.010830065249765403
0.012319868896750947
0.014470173784313263
0.012880475040105477
0.009869008732797193
0.01276367392459632
0.010269796021443373
0.010474341218280364
0.012366224504033796
0.01638898770324526
0.01012166883480592
0.011954601991917002
0.011318529549639966
0.013602388318160408
0.013065847127458008
0.010669534106631129
0.01691168863962786
0.011788651618245313
0.019078806310078522
