1.8490518083280228E-4
1.728858165801947E-4
1.1190813419508273E-4
1.6466446808104378E-4
1.558996703752372E-4
1.716958431818777E-4
1.6880612657273902E-4
1.3998943364055785E-4
1.651576562179206E-4
2.058435310318132E-4
1.4348607916911E-4
1.7682221847922018E-4
1.2081559835532379E-4
1.6635057464278415E-4
2.1255219898819497E-4
1.4336063557407106E-4
1.9312889023700714E-4
2.0745843845788512E-4
2.2947887746907621E-4
1.9301548555215184E-4
2.062402562506719E-4
1.6853008191663446E-4
1.8498484635494806E-4
1.2083669666226952E-4
1.61406160118166E-4
