1.7018015399450291E-4
1.818362153656689E-4
1.8115332509067802E-4
1.88088852586707E-4
1.8340819010577477E-4
1.706156897036448E-4
1.7366857357945705E-4
1.9457842713967359E-4
2.0595396891128937E-4
1.7534538063198173E-4
1.6609706323943643E-4
1.8181184590916225E-4
1.7078034362191444E-4
1.763272084462842E-4
1.7409141469638354E-4
1.8672020219176924E-4
1.6999422433242793E-4
1.7658304838326277E-4
1.754234656615222E-4
1.7858521132048166E-4
1.924390282379631E-4
1.7355807977939694E-4
1.8657551756941698E-4
1.8155923549861716E-4
1.951547758472867E-4
