0.0030254465723754003
0.0030685430874860787
0.003129954799300515
0.0033007576023791015
0.0031028195648348396
0.0030913755287298728
0.002977583544134297
0.003245686079177224
0.0033379819834601244
0.0030812334730262805
0.002872110050448262
0.003066003167929057
0.0029672668203373463
0.0030344994877479366
0.003074817706501678
0.0031975915254860102
0.00296729742593092
0.003169710446177998
0.0030878807167041807
0.003112570301745315
0.003251132516934901
0.0030497451928824856
0.003184398350725853
0.0031490495340157397
0.0031243696842807164
