0.942560972929914
0.9425670867222278
0.9427306181616205
0.9427622593849956
0.9425025328689574
0.9425015216454847
0.9426485416940095
0.9425821379310207
0.9426823689962287
0.9424397051081094
0.9427173699515533
0.9426693966044289
0.9425445133248121
0.9426604101473938
0.9426776869120618
0.9426709848304652
0.9426462722068791
0.9425350966208829
0.9426472293651036
0.9425231209127409
0.9424162878368794
0.9425504460937457
0.942596812165137
0.9427491774743536
0.9426137921643968
0.942570924513704
0.9425674808535255
0.9426995496588394
0.9426320507181315
0.9426727924525383
