1.0002680555768708
1.0000435123320979
1.0001466540436879
1.0007184778490719
0.9999777019001023
1.0007604866705393
1.0004177605896367
1.0027284865422224
1.0002752984178311
0.999992898939441
0.9999598236146111
1.0002834408228027
1.000163374474807
0.9999790882548678
1.000144152168395
1.0028061321241508
1.0006342732606788
0.999769453196517
0.9999803430563577
1.000160268139025
1.0002317481155154
1.0
1.000242853075673
0.9999987005115814
1.0001825677059735
1.0002683394803378
1.0005605697996889
1.0000271527395024
1.0000539657477387
1.0003500671460197
