0.01585025302420391
0.014856248332016486
0.013412720450250049
0.01664512781773264
0.017848473564636813
0.016202838194972147
0.014477631976873906
0.013989277279864043
0.01241757059258819
0.017725077164953196
0.014435550163454478
0.015534367221211876
0.014801115451343494
0.01791084092970592
0.014130082176530001
0.01665998292252019
0.018279797276934184
0.014192537719800405
0.018115744127002897
0.017043351857341738
0.013185632431405053
0.013819891468754286
0.019517725017188625
0.01622389469434482
0.015735385738445906
