4.974991881838386E-4
4.857794477487034E-4
4.966278512296082E-4
5.702001568354097E-4
4.776547250277003E-4
5.634311858453761E-4
4.945360246108268E-4
4.556206301443004E-4
3.9787481188882764E-4
4.5450588466170236E-4
4.7376360151477645E-4
4.941102794907757E-4
5.753482546220518E-4
4.5987022401835093E-4
4.5767406956243663E-4
4.561511464133703E-4
5.889248226932448E-4
3.706391332173177E-4
4.576943378388733E-4
5.106230882048771E-4
4.425379757459933E-4
4.398723942238967E-4
4.129990517634974E-4
4.8140106989110246E-4
4.8682410661363287E-4
