2.340824702602125E-4
2.2643283358654602E-4
2.2140471718856182E-4
2.435689526139017E-4
2.325738215498523E-4
2.4347725770313566E-4
2.3100249265194792E-4
2.1490276705841467E-4
2.0845199492328014E-4
2.3336547792593635E-4
2.2289624768508464E-4
2.2758880599411927E-4
2.4503227391167005E-4
2.3943320270040214E-4
2.2335460874051887E-4
2.187780457456451E-4
2.46918641059732E-4
2.1202547046103655E-4
2.18926010165162E-4
2.323551292429499E-4
2.1602235640331136E-4
2.2071347751761295E-4
2.219327266387166E-4
2.2551043404743423E-4
2.2812427419647581E-4
