0.0064753348636772375
0.006225833622241818
0.006302014704865369
0.007004281325503869
0.006416194359354691
0.006818890179609734
0.0063551107339599395
0.005988726373967808
0.005480180477300193
0.0062513609803940455
0.006178623789348561
0.006385489505310578
0.007176218026601973
0.00645804960461968
0.006268550737090888
0.005987358562195621
0.007176459692252665
0.005526702986501273
0.0061568068787459995
0.006424297145589421
0.006040098519852834
0.006223707483784814
0.005719281475271907
0.00623364344743985
0.00638478721452433
